kinematics:
  shoulder:
    x: 0
    y: 0
    z: 0.16262134943303241
    roll: -0
    pitch: 0
    yaw: 1.7662931839357299e-08
  upper_arm:
    x: 7.7421531783106946e-05
    y: 0
    z: 0
    roll: 1.5698402410637222
    pitch: 0
    yaw: 1.0332700336531579e-05
  forearm:
    x: -0.42556536078873181
    y: 0
    z: 0
    roll: 3.139201418739006
    pitch: 3.1383946689680955
    yaw: 3.1415869177565212
  wrist_1:
    x: -0.39257266220154441
    y: -0.00045843757153033734
    z: 0.13392152535824173
    roll: 0.0034231672588416395
    pitch: -0.0012335703147587451
    yaw: 6.8558512446129304e-06
  wrist_2:
    x: 9.9163214476869017e-05
    y: -0.099720609764656007
    z: 8.5409774017230946e-05
    roll: 1.5699398363127992
    pitch: 0
    yaw: 1.8363480628804524e-06
  wrist_3:
    x: 2.1031331427640729e-05
    y: 0.099607542469779167
    z: 3.0526463182348371e-05
    roll: 1.5711027941714599
    pitch: 3.1415926535897931
    yaw: -3.1415923754909429
  hash: calib_4652754770238290552